id,count,hour,rnk
245,359,06,1
257,359,06,2
149,359,06,3
155,359,06,4
102,359,06,5
245,359,07,1
149,359,07,2
155,359,07,3
102,359,07,4
121,351,07,5
245,359,08,1
155,359,08,2
102,359,08,3
284,297,08,4
4,296,08,5
245,359,09,1
294,358,09,2
155,358,09,3
102,358,09,4
113,352,09,5
175,360,10,1
102,360,10,2
98,359,10,3
245,359,10,4
199,359,10,5
98,359,11,1
245,359,11,2
213,359,11,3
113,359,11,4
76,359,11,5
113,360,12,1
245,359,12,2
176,359,12,3
102,359,12,4
59,358,12,5
245,359,13,1
59,359,13,2
113,355,13,3
102,347,13,4
240,340,13,5
245,360,14,1
240,360,14,2
285,359,14,3
59,359,14,4
282,353,14,5
78,360,15,1
285,360,15,2
261,359,15,3
245,359,15,4
113,359,15,5
261,360,16,1
155,360,16,2
245,359,16,3
285,359,16,4
102,359,16,5
285,360,17,1
245,359,17,2
116,359,17,3
155,359,17,4
102,359,17,5
245,359,18,1
155,359,18,2
285,359,18,3
102,359,18,4
59,359,18,5
16,360,19,1
245,359,19,2
155,359,19,3
285,359,19,4
228,357,19,5
285,360,20,1
390,359,20,2
245,359,20,3
155,359,20,4
102,359,20,5
243,359,21,1
50,359,21,2
245,359,21,3
121,359,21,4
78,359,21,5
245,360,22,1
121,360,22,2
285,360,22,3
243,359,22,4
50,359,22,5
243,359,23,1
50,359,23,2
245,359,23,3
289,359,23,4
155,359,23,5
